131
-201.75425978
-170.42205797
-144.31188979
-122.55341631
-104.42135507
-89.31130405
-76.71959486
-66.22650386
-57.48226137
-50.19539263
-44.12300200
-39.06267649
-34.84573856
-31.33162361
-28.40319450
-25.96283690
-23.92920556
-22.23451279
-20.82226881
-19.53841064
-18.37126686
-17.31022705
-16.34564541
-15.46875301
-14.67157810
-13.94687364
-13.28805140
-12.68912209
-12.14464090
-11.64965800
-11.17824571
-10.72928163
-10.30169679
-9.89447313
-9.50664108
-9.13727722
-8.78550211
-8.45047820
-8.13140781
-7.82753125
-7.53812500
-7.26250000
-7.00000000
-6.75000000
-6.50000000
-6.25000000
-6.00000000
-5.75000000
-5.50000000
-5.25000000
-5.00000000
-4.75000000
-4.50000000
-4.25000000
-4.00000000
-3.75000000
-3.50000000
-3.25000000
-3.00000000
-2.75000000
-2.50000000
-2.25000000
-2.00000000
-1.75000000
-1.50000000
-1.25000000
-1.00000000
-0.75000000
-0.50000000
-0.25000000
0.00000000
0.25000000
0.50000000
0.75000000
1.00000000
1.25000000
1.50000000
1.75000000
2.00000000
2.25000000
2.50000000
2.75000000
3.00000000
3.25000000
3.50000000
3.75000000
4.00000000
4.25000000
4.50000000
4.75000000
5.00000000
5.26250000
5.53812500
5.82753125
6.13140781
6.45047820
6.78550211
7.13727722
7.50664108
7.89447313
8.30169679
8.72928163
9.17824571
9.64965800
10.14464090
10.68912209
11.28805140
11.94687364
12.67157810
13.46875301
14.34564541
15.31022705
16.37126686
17.53841064
18.82226881
20.23451279
21.92920556
23.96283690
26.40319450
29.33162361
32.84573856
37.06267649
42.12300200
48.19539263
55.48226137
64.22650386
74.71959486
87.31130405
102.42135507
120.55341631
142.31188979
