131
3.13322018e+01
2.61101682e+01
2.17584735e+01
1.81320612e+01
1.51100510e+01
1.25917092e+01
1.04930910e+01
8.74424249e+00
7.28686874e+00
6.07239062e+00
5.06032552e+00
4.21693793e+00
3.51411494e+00
2.92842912e+00
2.44035760e+00
2.03363133e+00
1.69469278e+00
1.41224398e+00
1.28385816e+00
1.16714379e+00
1.06103981e+00
9.64581641e-01
8.76892401e-01
7.97174910e-01
7.24704464e-01
6.58822240e-01
5.98929309e-01
5.44481190e-01
4.94982900e-01
4.71412286e-01
4.48964082e-01
4.27584840e-01
4.07223657e-01
3.87832054e-01
3.69363861e-01
3.51775106e-01
3.35023910e-01
3.19070391e-01
3.03876563e-01
2.89406250e-01
2.75625000e-01
2.62500000e-01
2.50000000e-01
2.50000000e-01
2.50000000e-01
2.50000000e-01
2.50000000e-01
2.50000000e-01
2.50000000e-01
2.50000000e-01
2.50000000e-01
2.50000000e-01
2.50000000e-01
2.50000000e-01
2.50000000e-01
2.50000000e-01
2.50000000e-01
2.50000000e-01
2.50000000e-01
2.50000000e-01
2.50000000e-01
2.50000000e-01
2.50000000e-01
2.50000000e-01
2.50000000e-01
2.50000000e-01
2.50000000e-01
2.50000000e-01
2.50000000e-01
2.50000000e-01
2.50000000e-01
2.50000000e-01
2.50000000e-01
2.50000000e-01
2.50000000e-01
2.50000000e-01
2.50000000e-01
2.50000000e-01
2.50000000e-01
2.50000000e-01
2.50000000e-01
2.50000000e-01
2.50000000e-01
2.50000000e-01
2.50000000e-01
2.50000000e-01
2.50000000e-01
2.50000000e-01
2.50000000e-01
2.50000000e-01
2.62500000e-01
2.75625000e-01
2.89406250e-01
3.03876563e-01
3.19070391e-01
3.35023910e-01
3.51775106e-01
3.69363861e-01
3.87832054e-01
4.07223657e-01
4.27584840e-01
4.48964082e-01
4.71412286e-01
4.94982900e-01
5.44481190e-01
5.98929309e-01
6.58822240e-01
7.24704464e-01
7.97174910e-01
8.76892401e-01
9.64581641e-01
1.06103981e+00
1.16714379e+00
1.28385816e+00
1.41224398e+00
1.69469278e+00
2.03363133e+00
2.44035760e+00
2.92842912e+00
3.51411494e+00
4.21693793e+00
5.06032552e+00
6.07239062e+00
7.28686874e+00
8.74424249e+00
1.04930910e+01
1.25917092e+01
1.51100510e+01
1.81320612e+01
2.17584735e+01
2.61101682e+01
