81
0.00000000e+00
2.50000000e-01
5.00000000e-01
7.50000000e-01
1.00000000e+00
1.25000000e+00
1.50000000e+00
1.75000000e+00
2.00000000e+00
2.25000000e+00
2.50000000e+00
2.75000000e+00
3.00000000e+00
3.25000000e+00
3.50000000e+00
3.75000000e+00
4.00000000e+00
4.25000000e+00
4.50000000e+00
4.75000000e+00
5.00000000e+00
5.25000000e+00
5.50000000e+00
5.75000000e+00
6.00000000e+00
6.25000000e+00
6.50000000e+00
6.75000000e+00
7.00000000e+00
7.25000000e+00
7.50000000e+00
7.75000000e+00
8.00000000e+00
8.25000000e+00
8.50000000e+00
8.75000000e+00
9.00000000e+00
9.26250000e+00
9.53812500e+00
9.82753125e+00
1.01314078e+01
1.04504782e+01
1.07855021e+01
1.11372772e+01
1.15066411e+01
1.18944731e+01
1.23016968e+01
1.27292816e+01
1.31782457e+01
1.36496580e+01
1.41446409e+01
1.46891221e+01
1.52880514e+01
1.59468736e+01
1.66715781e+01
1.74687530e+01
1.83456454e+01
1.93102271e+01
2.03712669e+01
2.15384106e+01
2.28222688e+01
2.42345128e+01
2.59292056e+01
2.79628369e+01
3.04031945e+01
3.33316236e+01
3.68457386e+01
4.10626765e+01
4.61230020e+01
5.21953926e+01
5.94822614e+01
6.82265039e+01
7.87195949e+01
9.13113040e+01
1.06421355e+02
1.24553416e+02
1.46311890e+02
1.72422058e+02
2.03754260e+02
